1.604978680610656738e+00
1.478931665420532227e+00
1.084528923034667969e+00
5.506432056427001953e-01
5.884906649589538574e-01
3.170059919357299805e-01
2.882799208164215088e-01
4.275022149085998535e-01
-1.640381962060928345e-01
1.557610034942626953e-01
8.997733145952224731e-02
2.843157947063446045e-01
4.057308137416839600e-01
5.002243518829345703e-01
8.516113460063934326e-02
1.838055998086929321e-01
-2.125454507768154144e-02
-2.162430435419082642e-01
-3.961254656314849854e-01
-3.061070740222930908e-01
-4.595010876655578613e-01
-1.470883488655090332e-01
-2.724109888076782227e-01
-1.931143850088119507e-01
-2.390699833631515503e-01
-3.785082101821899414e-01
-4.241028428077697754e-02
1.305489540100097656e-01
7.320159673690795898e-02
-4.698205366730690002e-02
-1.371967196464538574e-01
1.233365684747695923e-01
-1.086719408631324768e-01
-3.932268023490905762e-01
-2.980577349662780762e-01
-3.006100058555603027e-01
-1.746474653482437134e-01
-6.262892484664916992e-02
-2.213478237390518188e-01
-8.735672384500503540e-02
-1.025816500186920166e-01
1.904376894235610962e-01
-1.877126693725585938e-01
-2.942236959934234619e-01
-7.256628274917602539e-01
-6.644482612609863281e-01
-2.937895953655242920e-01
-1.358693987131118774e-01
-5.387585759162902832e-01
-3.439410030841827393e-01
-2.628123164176940918e-01
-5.021270513534545898e-01
-3.630142509937286377e-01
-7.962949573993682861e-02
-1.936961114406585693e-01
-2.176368385553359985e-01
-5.000153183937072754e-01
-4.171622395515441895e-01
-5.508573651313781738e-01
-8.596266508102416992e-01
-5.318661332130432129e-01
-2.997263669967651367e-01
3.199761733412742615e-03
-4.169348999857902527e-02
5.815818533301353455e-02
1.907619275152683258e-02
7.883244752883911133e-01
7.506072521209716797e-01
8.734087347984313965e-01
6.934920549392700195e-01
9.044405221939086914e-01
8.774291276931762695e-01
9.419888257980346680e-01
5.426455736160278320e-01
-6.727095693349838257e-02
-6.122343540191650391e-01
-7.564094662666320801e-01
-8.745173215866088867e-01
-8.096030354499816895e-01
-7.946743965148925781e-01
-1.095085978507995605e+00
-1.011404275894165039e+00
-1.284169316291809082e+00
-1.086442708969116211e+00
-5.540158748626708984e-01
-2.647895216941833496e-01
-2.523701786994934082e-01
8.158826828002929688e-02
2.547865808010101318e-01
4.677296578884124756e-01
8.294408917427062988e-01
1.151508212089538574e+00
1.356006741523742676e+00
1.447062015533447266e+00
1.366982460021972656e+00
1.534558296203613281e+00
1.160370349884033203e+00
8.524987697601318359e-01
8.572403192520141602e-01
5.026198029518127441e-01
-2.358661442995071411e-01
3.159958720207214355e-01
4.184229671955108643e-01
-1.941250055097043514e-03
-1.291811764240264893e-01
-2.271907031536102295e-01
-3.541994690895080566e-01
-3.466861844062805176e-01
-4.746043086051940918e-01
-4.277841746807098389e-01
-5.667641758918762207e-01
-7.022305130958557129e-01
-2.795882821083068848e-01
3.148508071899414062e-02
3.231923282146453857e-02
-3.379355967044830322e-01
-6.509523391723632812e-01
-6.221321821212768555e-01
-4.859043657779693604e-01
-3.549790978431701660e-01
-5.366374850273132324e-01
-1.016164064407348633e+00
-8.196558952331542969e-01
-4.123662114143371582e-01
-5.886849164962768555e-01
4.467785656452178955e-01
1.599679142236709595e-01
5.474108085036277771e-02
1.387432366609573364e-01
2.402088791131973267e-01
4.820110797882080078e-01
4.822700917720794678e-01
8.389301300048828125e-01
9.079544544219970703e-01
5.942321419715881348e-01
5.478851199150085449e-01
4.657130837440490723e-01
2.066799104213714600e-01
5.311130732297897339e-02
2.943093776702880859e-01
6.117872595787048340e-01
7.687127590179443359e-01
6.395425200462341309e-01
6.405326128005981445e-01
8.430197238922119141e-01
4.527297616004943848e-01
3.701838254928588867e-01
4.606651961803436279e-01
-4.999883938580751419e-03
-5.413743853569030762e-01
-5.810335874557495117e-01
-8.109945058822631836e-01
-1.028663873672485352e+00
-6.338720321655273438e-01
-1.168770313262939453e+00
-1.158977150917053223e+00
-1.309479236602783203e+00
-1.297260761260986328e+00
-9.616360664367675781e-01
-1.009040832519531250e+00
-6.618518233299255371e-01
-7.951543331146240234e-01
-6.047401428222656250e-01
-6.632588505744934082e-01
-8.996408581733703613e-01
-1.107168197631835938e+00
-1.057457089424133301e+00
-8.642096519470214844e-01
-7.849157452583312988e-01
-3.370928764343261719e-01
4.928170144557952881e-02
3.494789600372314453e-01
2.974963784217834473e-01
5.631985664367675781e-01
8.636034131050109863e-01
1.337229728698730469e+00
1.179452538490295410e+00
1.771964192390441895e+00
2.035601139068603516e+00
2.134103536605834961e+00
1.667444229125976562e+00
1.424083113670349121e+00
7.510712742805480957e-01
1.013326346874237061e-01
-3.433322906494140625e-01
-7.980241179466247559e-01
-9.655621051788330078e-01
-9.949586391448974609e-01
-1.369117259979248047e+00
-1.496687173843383789e+00
-1.937510490417480469e+00
-2.101924896240234375e+00
-1.909080982208251953e+00
-1.520192742347717285e+00
-9.821742177009582520e-01
-9.581900238990783691e-01
-8.988639116287231445e-01
-4.559274613857269287e-01
-9.644113183021545410e-01
-5.353329181671142578e-01
-5.546236634254455566e-01
-8.986241817474365234e-01
-8.056406974792480469e-01
-7.613747119903564453e-01
-5.676620602607727051e-01
-3.371772468090057373e-01
-7.272847890853881836e-01
-6.725891828536987305e-01
-6.997190713882446289e-01
-1.114093184471130371e+00
-9.906210899353027344e-01
-1.090586185455322266e+00
-1.431975841522216797e+00
-1.394114136695861816e+00
-1.434724211692810059e+00
-1.386400699615478516e+00
-1.488218545913696289e+00
-1.043652772903442383e+00
-6.413742899894714355e-01
-4.994078278541564941e-01
-4.026636481285095215e-01
-1.753174215555191040e-01
1.994760781526565552e-01
2.154697179794311523e-01
6.698802113533020020e-01
9.632920026779174805e-01
8.509011268615722656e-01
6.518619656562805176e-01
8.347359895706176758e-01
5.657569169998168945e-01
4.216125905513763428e-01
-1.271711736917495728e-01
2.267850190401077271e-01
5.904940962791442871e-01
5.348583459854125977e-01
2.037722766399383545e-01
5.125117301940917969e-01
4.892590343952178955e-01
7.743009328842163086e-01
7.579691410064697266e-01
7.533564567565917969e-01
3.594243824481964111e-01
2.659735679626464844e-01
-4.572253525257110596e-01
-4.811188876628875732e-01
-5.133206248283386230e-01
-6.686953902244567871e-01
-8.104571700096130371e-01
-5.289720892906188965e-01
-3.251364827156066895e-01
-1.320452690124511719e-01
2.028191983699798584e-01
5.274672061204910278e-02
1.405527889728546143e-01
2.262692004442214966e-01
2.179407477378845215e-01
1.391543820500373840e-02
1.640211045742034912e-01
-3.703922629356384277e-01
-4.799503833055496216e-02
4.570114016532897949e-01
2.283686250448226929e-01
3.335566818714141846e-01
5.001142024993896484e-01
5.547826886177062988e-01
3.673060238361358643e-01
-4.036636278033256531e-02
1.459593921899795532e-01
2.518956363201141357e-01
3.313896656036376953e-01
1.154581606388092041e-01
-1.410102397203445435e-01
-1.612944602966308594e-01
-8.894214034080505371e-02
1.267392653971910477e-02
8.406037092208862305e-02
-3.024805188179016113e-01
-6.122266650199890137e-01
-5.202811956405639648e-01
-4.770618379116058350e-01
-1.609367132186889648e-01
-1.258400976657867432e-01
-6.689481735229492188e-01
-4.732378125190734863e-01
8.406659960746765137e-02
1.152730137109756470e-01
-3.597635924816131592e-01
-2.353815436363220215e-01
1.249477341771125793e-01
5.064082518219947815e-02
8.478833362460136414e-03
1.229660958051681519e-01
4.905792176723480225e-01
6.682621240615844727e-01
4.155606925487518311e-01
9.008073210716247559e-01
1.347862839698791504e+00
1.848715543746948242e+00
2.034804821014404297e+00
2.455199480056762695e+00
2.295551300048828125e+00
2.093142747879028320e+00
1.542495727539062500e+00
1.007640838623046875e+00
1.049668192863464355e+00
8.396114706993103027e-01
-3.638743981719017029e-02
-2.006489634513854980e-01
-2.363719791173934937e-01
-6.795319914817810059e-01
-9.030984640121459961e-01
-8.526445031166076660e-01
-6.440418362617492676e-01
4.375509743113070726e-04
-1.854512989521026611e-01
-2.503118813037872314e-01
-4.951198995113372803e-01
-7.762479782104492188e-01
-3.443061113357543945e-01
-3.789050281047821045e-01
-2.946815192699432373e-01
-7.245830297470092773e-01
-1.214908599853515625e+00
-1.248372912406921387e+00
-9.071546792984008789e-01
-9.208058714866638184e-01
-8.037568330764770508e-01
-8.947570323944091797e-01
-6.446964144706726074e-01
-5.406936407089233398e-01
-3.286436796188354492e-01
-1.437755115330219269e-02
-2.746001780033111572e-01
-3.197988569736480713e-01
-1.798263043165206909e-01
-2.830937504768371582e-01
-4.356533288955688477e-01
-5.775841474533081055e-01
-3.782797157764434814e-01
-2.344391942024230957e-01
-2.054266482591629028e-01
-1.897182688117027283e-02
1.966321170330047607e-01
4.208678305149078369e-01
7.092215418815612793e-01
8.259847760200500488e-01
9.938310384750366211e-01
1.034682869911193848e+00
1.269528627395629883e+00
1.227016687393188477e+00
1.230089068412780762e+00
1.049560427665710449e+00
8.906608223915100098e-01
1.271031022071838379e+00
1.527444839477539062e+00
1.624698281288146973e+00
1.612795829772949219e+00
1.388054490089416504e+00
1.257017612457275391e+00
1.006987214088439941e+00
6.565142273902893066e-01
4.219807088375091553e-01
1.094341203570365906e-01
-3.953128457069396973e-01
-1.171390414237976074e+00
-1.539841651916503906e+00
-1.503500580787658691e+00
-1.511938333511352539e+00
-1.127319097518920898e+00
-1.774497270584106445e+00
-2.140363454818725586e+00
-2.063277244567871094e+00
-1.920182466506958008e+00
-1.272227883338928223e+00
-1.207740664482116699e+00
-1.032224774360656738e+00
-7.507343888282775879e-01
-7.089383006095886230e-01
-4.618750214576721191e-01
-5.244628787040710449e-01
-4.449432492256164551e-01
-3.808530271053314209e-01
-4.088908135890960693e-01
-1.405362486839294434e-01
1.966154901310801506e-03
2.100954204797744751e-01
1.693375855684280396e-01
2.582460045814514160e-01
2.341646105051040649e-01
4.870029911398887634e-02
3.164176344871520996e-01
3.633475899696350098e-01
1.817461252212524414e-01
3.675557971000671387e-01
1.202952042222023010e-01
3.325024545192718506e-01
4.163389503955841064e-01
1.876030266284942627e-01
1.736860573291778564e-01
3.887011706829071045e-01
5.882612466812133789e-01
6.415622830390930176e-01
8.642725348472595215e-01
7.769863009452819824e-01
5.155848860740661621e-01
1.104807853698730469e+00
1.298698186874389648e+00
1.695094108581542969e+00
1.734649658203125000e+00
1.748656749725341797e+00
1.403762102127075195e+00
1.260390400886535645e+00
1.111186504364013672e+00
4.694249331951141357e-01
3.158448040485382080e-01
-3.855369985103607178e-02
-3.269277140498161316e-02
-2.560621500015258789e-01
-9.903966635465621948e-02
2.014213800430297852e-01
1.511232107877731323e-01
3.434683084487915039e-01
3.952568769454956055e-01
7.496067881584167480e-01
9.674065113067626953e-01
6.255407333374023438e-01
3.523946106433868408e-01
1.310586184263229370e-01
3.905853033065795898e-01
5.115454196929931641e-01
4.178220331668853760e-01
3.359995186328887939e-01
1.607262343168258667e-01
1.699794828891754150e-02
1.240951567888259888e-01
2.194442003965377808e-01
2.715685367584228516e-01
2.876800298690795898e-01
1.734144538640975952e-01
5.345188379287719727e-01
4.240960180759429932e-01
9.108715057373046875e-01
1.224324703216552734e+00
1.267627239227294922e+00
8.395510911941528320e-01
8.017030954360961914e-01
4.151838123798370361e-01
1.919210255146026611e-01
-1.185531392693519592e-01
-1.171303465962409973e-01
-8.624971657991409302e-02
-3.732645809650421143e-01
-6.776307821273803711e-01
-8.940083384513854980e-01
-9.445140361785888672e-01
-9.981023073196411133e-01
-7.532409429550170898e-01
-7.707012295722961426e-01
-4.959048926830291748e-01
-2.950960397720336914e-01
-2.782293856143951416e-01
-3.111516535282135010e-01
-1.080812439322471619e-01
-1.036666035652160645e-01
-2.707062959671020508e-01
-3.380270600318908691e-01
-3.177587687969207764e-01
-5.581150650978088379e-01
-5.337232351303100586e-01
-4.030274152755737305e-01
-2.359569221735000610e-01
1.927012950181961060e-01
7.509191632270812988e-01
1.183431148529052734e+00
1.566048383712768555e+00
1.911578178405761719e+00
2.168892383575439453e+00
2.461750745773315430e+00
2.621268510818481445e+00
2.554756879806518555e+00
2.445410013198852539e+00
2.106746435165405273e+00
1.376527786254882812e+00
8.918659090995788574e-01
8.224129676818847656e-01
-6.779740452766418457e-01
-1.100282430648803711e+00
-1.220213294029235840e+00
-9.958488941192626953e-01
-1.258217096328735352e+00
-1.296121954917907715e+00
-1.699659347534179688e+00
-1.614609122276306152e+00
-1.216494560241699219e+00
-7.824236154556274414e-01
-7.175638675689697266e-01
-7.357029914855957031e-01
-9.883021116256713867e-01
-8.009467124938964844e-01
-1.162644386291503906e+00
-9.405094981193542480e-01
-1.026167631149291992e+00
-1.577755570411682129e+00
-1.604861736297607422e+00
-1.760947346687316895e+00
-1.457919001579284668e+00
-1.032089591026306152e+00
-6.549502611160278320e-01
-6.291094422340393066e-01
-6.404532194137573242e-01
-4.657453000545501709e-01
-3.881789743900299072e-01
-3.870184123516082764e-01
-6.669672727584838867e-01
-7.999041676521301270e-01
-9.111999273300170898e-01
-7.129750847816467285e-01
-5.645030736923217773e-01
-3.842956721782684326e-01
-2.148363888263702393e-01
-1.573226451873779297e-01
2.833314426243305206e-02
1.034419909119606018e-01
1.156220063567161560e-01
-1.163455173373222351e-01
-1.818032860755920410e-01
-1.679395884275436401e-01
-4.168407618999481201e-01
-4.367276653647422791e-02
1.565003097057342529e-01
1.310909241437911987e-01
2.948389649391174316e-01
4.204894304275512695e-01
7.807039022445678711e-01
7.682873010635375977e-01
8.374246358871459961e-01
1.071465253829956055e+00
1.256324529647827148e+00
1.485376715660095215e+00
1.432026386260986328e+00
1.097421765327453613e+00
7.080307602882385254e-01
5.268481969833374023e-01
5.672517418861389160e-02
-4.012715816497802734e-01
2.360374928684905171e-04
2.661957144737243652e-01
7.498934119939804077e-02
3.117233216762542725e-01
5.490832328796386719e-01
4.056189954280853271e-01
3.733237087726593018e-01
2.676382660865783691e-01
1.255667656660079956e-01
-5.626986548304557800e-02
1.316390186548233032e-01
2.919564247131347656e-01
1.877330839633941650e-01
4.824783205986022949e-01
7.615173459053039551e-01
8.107345700263977051e-01
6.913490891456604004e-01
6.975097656250000000e-01
7.445368766784667969e-01
5.920913219451904297e-01
2.078606188297271729e-01
2.650047540664672852e-01
2.887215614318847656e-01
4.019734263420104980e-01
3.296782672405242920e-01
2.715146839618682861e-01
1.174700632691383362e-01
4.623582586646080017e-02
7.365324348211288452e-02
-2.885231673717498779e-01
-6.796122789382934570e-01
-9.518733024597167969e-01
-6.370624303817749023e-01
-6.516183018684387207e-01
-1.329140365123748779e-01
9.747475385665893555e-02
1.768924146890640259e-01
6.244185194373130798e-02
3.782784938812255859e-01
6.642930507659912109e-01
7.466207146644592285e-01
1.038129806518554688e+00
1.138223528861999512e+00
6.668868064880371094e-01
1.383159309625625610e-01
-7.114439457654953003e-02
-6.232526898384094238e-02
-2.160564810037612915e-01
-1.358934044837951660e-01
-3.258143365383148193e-01
-5.978395938873291016e-01
-9.424449801445007324e-01
-1.409798741340637207e+00
-1.542847514152526855e+00
-1.545627832412719727e+00
-1.777073740959167480e+00
-1.866534352302551270e+00
-1.134312033653259277e+00
-9.163699746131896973e-01
-6.380327939987182617e-01
-4.920127987861633301e-01
-9.257481247186660767e-02
-2.840027958154678345e-02
-2.482997924089431763e-01
-3.698238432407379150e-01
-3.110101819038391113e-01
-8.742169141769409180e-01
-9.106449484825134277e-01
-6.935617923736572266e-01
-5.867358446121215820e-01
-1.876015216112136841e-01
2.236322313547134399e-01
4.895934760570526123e-01
6.796819567680358887e-01
6.147897243499755859e-01
7.563882470130920410e-01
9.667007327079772949e-01
1.561391711235046387e+00
1.687909126281738281e+00
1.513839244842529297e+00
1.191737055778503418e+00
1.055265903472900391e+00
6.430401206016540527e-01
-1.098266616463661194e-01
-6.375740170478820801e-01
-1.006770014762878418e+00
-1.235570669174194336e+00
-1.476386308670043945e+00
-1.596187472343444824e+00
-1.533950328826904297e+00
-1.666194915771484375e+00
-1.611051678657531738e+00
-1.154238700866699219e+00
-9.687834978103637695e-01
-6.331980824470520020e-01
-3.881895244121551514e-01
-2.095223069190979004e-01
-2.249933034181594849e-01
-6.196420192718505859e-01
-7.300441861152648926e-01
-9.487646222114562988e-01
-1.155391335487365723e+00
-1.074129819869995117e+00
-9.113215208053588867e-01
-6.858413219451904297e-01
-5.054625272750854492e-01
-3.246761262416839600e-01
-8.833260089159011841e-02
1.904560327529907227e-01
4.728851318359375000e-01
7.061794996261596680e-01
4.734191000461578369e-01
2.686664164066314697e-01
2.740107476711273193e-01
-9.653410315513610840e-02
-4.553245007991790771e-01
-4.562751650810241699e-01
-1.328654885292053223e-01
-1.130077093839645386e-01
-2.475091069936752319e-01
-3.017541766166687012e-01
-3.165909945964813232e-01
-3.519924879074096680e-01
-4.570228233933448792e-02
-3.530162870883941650e-01
1.582970842719078064e-02
-6.365176290273666382e-02
-4.564067423343658447e-01
-6.487184762954711914e-01
-2.016679495573043823e-01
2.018350511789321899e-01
3.615697026252746582e-01
2.976877689361572266e-01
5.979942157864570618e-02
5.686034634709358215e-02
3.673230707645416260e-01
4.326182603836059570e-01
8.280450701713562012e-01
7.413768768310546875e-01
5.106302499771118164e-01
4.931734502315521240e-01
4.726729393005371094e-01
7.894676923751831055e-01
1.005457043647766113e+00
1.212808012962341309e+00
1.498422980308532715e+00
1.940008163452148438e+00
2.177013874053955078e+00
2.414264440536499023e+00
2.859544754028320312e+00
2.770736455917358398e+00
2.559640169143676758e+00
2.252548217773437500e+00
1.623611807823181152e+00
1.198867797851562500e+00
5.083965063095092773e-01
-2.861642837524414062e-02
-3.644264340400695801e-01
-4.809994697570800781e-01
-4.829318225383758545e-01
-6.884605288505554199e-01
-5.121024847030639648e-01
-4.163986146450042725e-01
-3.378924429416656494e-01
3.215744346380233765e-02
1.889755278825759888e-01
4.075469374656677246e-01
5.581833720207214355e-01
4.878903627395629883e-01
4.295728504657745361e-01
-7.379745692014694214e-02
-3.804170191287994385e-01
-3.981603085994720459e-01
-7.943516373634338379e-01
-9.437680244445800781e-01
-8.133691549301147461e-01
-8.399505615234375000e-01
