1.178515605234498720e+00
1.087401287868991373e+00
9.430328158800723726e-01
7.400970396481367786e-01
4.821299415772722918e-01
1.834407247433017807e-01
-1.307814235418753857e-01
-4.263609251275856660e-01
-6.645469172494387067e-01
-8.087543269544481550e-01
-8.317741945767295197e-01
-7.209603164863972458e-01
-4.801713449675497625e-01
-1.290226621218935610e-01
2.993768823247541788e-01
7.616827400209095211e-01
1.208682614771551478e+00
1.590794750075160024e+00
1.864388795912667263e+00
1.997982527773703776e+00
1.976325534113266835e+00
1.800619311475319062e+00
1.485441271211993319e+00
1.054848071475650295e+00
5.395056278531930039e-01
-2.515904553398386201e-02
-6.006880033097372618e-01
-1.147821159911571520e+00
-1.629445743166400229e+00
-2.014330719665466507e+00
-2.281025185361826413e+00
-2.420407606345315266e+00
-2.435838062118882430e+00
-2.341312964697326748e+00
-2.158484012246082884e+00
-1.912938102702812060e+00
-1.630218865172089027e+00
-1.332589507449716049e+00
-1.037426222672865439e+00
-7.573007421744510914e-01
-5.009140679870547341e-01
-2.737959059972008280e-01
-7.832078927133549751e-02
8.653760621986414381e-02
2.249220936010179195e-01
3.427712843089443795e-01
4.456956881454066655e-01
5.369782381795754622e-01
6.167320524750847799e-01
6.826742960784961678e-01
7.321291381530059539e-01
7.642300135594878308e-01
7.810724537363253894e-01
7.870709943250148166e-01
7.870784789410606441e-01
7.847083904654161834e-01
7.816584957734116212e-01
7.778101662043067632e-01
7.717873802678725248e-01
7.619321374176157846e-01
7.476212311413951150e-01
7.306996609123150854e-01
7.165844685059316044e-01
7.142612909484895578e-01
7.343800637587004632e-01
7.855467429590994310e-01
8.704520976860434800e-01
9.842038660448547693e-01
1.116094283651184904e+00
1.253940470497902027e+00
1.388742153567261495e+00
1.517442535209905907e+00
1.642872865145897032e+00
1.771562755092770169e+00
1.910557606992036028e+00
2.063755391611725720e+00
2.228385951198334158e+00
2.393282235279182490e+00
2.540341843634219998e+00
2.648459025801570998e+00
2.697757407699184373e+00
2.672991927145020430e+00
2.566528504408038813e+00
2.380786919573173677e+00
2.128726106589187594e+00
1.831638591344472822e+00
1.515580694555361374e+00
1.208352583647504863e+00
9.376319246497710758e-01
7.295787000843932946e-01
6.068671888999527253e-01
5.854986793103037490e-01
6.709060159493904774e-01
8.550251945244320417e-01
1.115967888453984092e+00
1.420768275245266610e+00
1.730508624707570053e+00
2.006591899128207679e+00
2.216821627971544473e+00
2.339969643265455534e+00
2.367930916261124619e+00
2.305444337121250520e+00
2.167705103139913270e+00
1.975936623251036250e+00
1.751825137659953624e+00
1.513186963990888589e+00
1.272622761395121094e+00
1.038657277958074943e+00
8.177806380913889006e-01
6.161216104255710091e-01
4.398743506499551703e-01
2.941820846994608329e-01
1.812255284910696540e-01
9.882401587447052493e-02
4.034701434929122144e-02
-4.107055526072732332e-03
-4.564218569434178030e-02
-9.402729989639306563e-02
-1.553276261414341108e-01
-2.302338626508584063e-01
-3.130559507024262555e-01
-3.913514782076010223e-01
-4.468047291270751398e-01
-4.581457535108542922e-01
-4.059967885343284677e-01
-2.780864205016681523e-01
-7.275062748482850894e-02
2.003475529157890678e-01
5.221300575525059662e-01
8.678144090638373331e-01
1.210958799451535173e+00
1.526400893987604368e+00
1.791817841910890996e+00
1.988521899975058682e+00
2.101828189092487698e+00
2.121012536482894451e+00
2.039301512623614254e+00
1.854515575946152905e+00
1.570058998879932721e+00
1.195045752346265866e+00
7.429369619347353515e-01
2.296175007181491812e-01
-3.274862654886288027e-01
-9.087428937576598198e-01
-1.491159942429397089e+00
-2.048117618754202951e+00
-2.550693896841941477e+00
-2.970532785407298704e+00
-3.283738327680099101e+00
-3.474994867501528084e+00
-3.540683460352854084e+00
-3.489772546327142067e+00
-3.342399036826845471e+00
-3.126936533042255828e+00
-2.875817496277938368e+00
-2.620096394110652760e+00
-2.383849254444636578e+00
-2.180246565628656708e+00
-2.010197087595143373e+00
-1.862965743008705211e+00
-1.717776530790321221e+00
-1.546392282752309777e+00
-1.317476162369956016e+00
-1.002754422566553894e+00
-5.834139287822057707e-01
-5.456020390012444182e-02
5.734735828643742206e-01
1.276603977468141027e+00
2.020108479758224718e+00
2.762283513344988783e+00
3.457865023201134314e+00
4.061193482284716438e+00
4.530012578559527547e+00
4.830356948417301233e+00
4.941223574809034957e+00
4.857004244955371419e+00
4.587138359805033261e+00
4.154018831505526421e+00
3.590014401403241795e+00
2.933645238039100711e+00
2.225082822730348742e+00
1.501890828809147482e+00
7.960338060985046038e-01
1.326503963974135503e-01
-4.695367989268378617e-01
-9.971216930364130704e-01
-1.441587619191500025e+00
-1.799920925869354926e+00
-2.075124729950646341e+00
-2.275316476329673154e+00
-2.411378456535599124e+00
-2.494308327838101746e+00
-2.533349671422869154e+00
-2.535238862306317120e+00
-2.504447708937939776e+00
-2.443951563363404134e+00
-2.355699948708812386e+00
-2.240573251364954555e+00
-2.098867206772371041e+00
-1.932099874067152889e+00
-1.745209187747553070e+00
-1.547563044468199589e+00
-1.352139129286532571e+00
-1.173261515527580290e+00
-1.023913948146731645e+00
-9.137359951259924618e-01
-8.481140185985165392e-01
-8.279072406530693096e-01
-8.490330113048933924e-01
-9.016816635030281413e-01
-9.699481067603572537e-01
-1.032954984311538205e+00
-1.067816757878273348e+00
-1.053903547889450953e+00
-9.769972805842344066e-01
-8.314787918965843572e-01
-6.197712275409615890e-01
-3.502320310843351492e-01
-3.536477496124461328e-02
3.088413594765437864e-01
6.629901904444166494e-01
1.004798919408739888e+00
1.310558491669139292e+00
1.557181837532484625e+00
1.724393920412726988e+00
1.797189183335466955e+00
1.768615227793318700e+00
1.642222676152613969e+00
1.433147438476242153e+00
1.166810747617732735e+00
8.747616711908031695e-01
5.885658644285320928e-01
3.338513248112366383e-01
1.265944916156927502e-01
-2.742124144654364132e-02
-1.307060133640968458e-01
-1.914201394818272617e-01
-2.211258928444211624e-01
-2.330885819783443114e-01
-2.410128169240747520e-01
-2.580713146867741892e-01
-2.959541753077145065e-01
-3.638278634409226608e-01
-4.674741231871531455e-01
-6.090123683461862170e-01
-7.872321829569109974e-01
-9.980345449965102311e-01
-1.234588366237967527e+00
-1.487429807997773690e+00
-1.744763196181153830e+00
-1.992676659427906616e+00
-2.215151744550585278e+00
-2.394487214158187882e+00
-2.512598127751795030e+00
-2.552822630369528945e+00
-2.501730263990237901e+00
-2.350781431793267373e+00
-2.097843376765748058e+00
-1.748646594314558600e+00
-1.317918247435065693e+00
-8.291761185110257948e-01
-3.123869972683318008e-01
2.000086971003346981e-01
6.773270668454434151e-01
1.093830441089333805e+00
1.430343864564544543e+00
1.674804646706939959e+00
1.822614514038235933e+00
1.876820745318532380e+00
1.847223946661003202e+00
1.748018080001620733e+00
1.594823898301135578e+00
1.402115364573823575e+00
1.181416363324694796e+00
9.405534976739368114e-01
6.842221104306714929e-01
4.154655350438160033e-01
1.370711422444072514e-01
-1.477607510003914604e-01
-4.352323073635148698e-01
-7.208021809224866017e-01
-9.991498262896228999e-01
-1.264368124732421661e+00
-1.509810259734794435e+00
-1.726884137173429590e+00
-1.903390113943379092e+00
-2.023255229316093917e+00
-2.068641206540084543e+00
-2.023434500306402040e+00
-1.876752338377592144e+00
-1.626069355524926374e+00
-1.279872335151597706e+00
-8.592145244628629497e-01
-3.971463213601074682e-01
6.468548902747765783e-02
4.817760536187069564e-01
8.129915946837228402e-01
1.025391085147011605e+00
1.097091496705344671e+00
1.018690702274839710e+00
7.937056165429371424e-01
4.382447223627102817e-01
-1.994009441945240879e-02
-5.432804044107764074e-01
-1.087517217414042614e+00
-1.605884588321158546e+00
-2.053574514106054849e+00
-2.391894037636259185e+00
-2.591715041907971973e+00
-2.635940894541694668e+00
-2.521119336238227593e+00
-2.258308962987218393e+00
-1.872696359409065092e+00
-1.401402682475599848e+00
-8.896232023005308243e-01
-3.857034931084671325e-01
6.433232349745958423e-02
4.221653247857756752e-01
6.612175064778180733e-01
7.680547442161216320e-01
7.412139013863410231e-01
5.888857213948219815e-01
3.267870388368018797e-01
-2.349305198484340565e-02
-4.360790145502628778e-01
-8.826831362026267280e-01
-1.334669459779733058e+00
-1.764832772135482397e+00
-2.148493995535017298e+00
-2.463935761500377186e+00
-2.692738206045480531e+00
-2.820957315165776524e+00
-2.841403347786141342e+00
-2.755602493932959973e+00
-2.573745034391866859e+00
-2.312896384546741402e+00
-1.995042335837773351e+00
-1.645487629836057231e+00
-1.290943869230326779e+00
-9.568878860283899224e-01
-6.645148791296429103e-01
-4.281872111617062715e-01
-2.544696102989862929e-01
-1.429506755512992000e-01
-8.770313451040329111e-02
-7.826877995829542578e-02
-1.003496681886839048e-01
-1.371163786240859883e-01
-1.715606701329844275e-01
-1.893473795201560950e-01
-1.811339807731798257e-01
-1.437589011186477250e-01
-8.021583800003853626e-02
1.835645661354862483e-03
9.325480993529312868e-02
1.874962065099358421e-01
2.836252356262606855e-01
3.863955638508806412e-01
5.029682061505740265e-01
6.377866188495427968e-01
7.881909153865231943e-01
9.425460317289554579e-01
1.080822416794320340e+00
1.176793503697298515e+00
1.201396376133697652e+00
1.126858785637241844e+00
9.311530359518586097e-01
6.027192144606083879e-01
1.448659510634774106e-01
-4.220858148450504777e-01
-1.062558355827098566e+00
-1.730903642827869682e+00
-2.378002230019019780e+00
-2.957318629178682379e+00
-3.429335181089393281e+00
-3.764229650127796756e+00
-3.943539753323662023e+00
-3.961821427966411679e+00
-3.828203307374849818e+00
-3.566374698567821522e+00
-3.211893293254646675e+00
-2.807440406722994997e+00
-2.397711344783441056e+00
-2.024992715149075639e+00
-1.725239257163099005e+00
-1.524297827779643733e+00
-1.434602599798456390e+00
-1.452837570868512174e+00
-1.559164458606998149e+00
-1.719257171878625812e+00
-1.889856394451989496e+00
-2.026305664200242163e+00
-2.089350963877619094e+00
-2.049817257420471162e+00
-1.891338612079720427e+00
-1.611349919759425431e+00
-1.220246791567559441e+00
-7.390594472752664013e-01
-1.962744043113418546e-01
3.758641571003782378e-01
9.453746059407821534e-01
1.484373635186428064e+00
1.971748479282185551e+00
2.393646711002274330e+00
2.741805543741635542e+00
3.011094770970483836e+00
3.197697164092552224e+00
3.298199189589345881e+00
3.309202151835313632e+00
3.227475539917853187e+00
3.051084634113503391e+00
2.781544632616103740e+00
2.426361541386469423e+00
2.000926402276379523e+00
1.528470132346120058e+00
1.037008738456403067e+00
5.537386684706698814e-01
9.920117345753740046e-02
-3.161495205009035581e-01
-6.916987140503029208e-01
-1.033265490152008637e+00
-1.348199882504591107e+00
-1.640828386113011073e+00
-1.909636556743140590e+00
-2.146766258432379892e+00
-2.339539569923877682e+00
-2.473247333702929929e+00
-2.534347335298294368e+00
-2.513176081500360315e+00
-2.405595165549008652e+00
-2.213870993465925530e+00
-1.947407304671320061e+00
-1.623098203197908207e+00
-1.264388270201856290e+00
-8.985635581698833141e-01
-5.526991189566707874e-01
-2.493730689151893165e-01
-3.403641493998888889e-03
1.795856091366022089e-01
3.025716455068678257e-01
3.750206906114701422e-01
4.105418784598247051e-01
4.251380323483059942e-01
4.352987819610911746e-01
4.550214642120615771e-01
4.924022122515305799e-01
5.470988471901970795e-01
6.092135521900936546e-01
6.598303239393910058e-01
6.740251946257427296e-01
6.268675305709916490e-01
5.007619267956815445e-01
2.906361558836819126e-01
4.605285331237829460e-03
-3.391889617250873901e-01
-7.170909876056614785e-01
-1.103774868086192518e+00
-1.474653624435954935e+00
-1.807183346097746224e+00
-2.081781703915678960e+00
-2.282428939597447304e+00
-2.396351394876911733e+00
-2.412712734878825316e+00
-2.321424326747424605e+00
-2.113486044883825521e+00
-1.783217216018034845e+00
-1.331466487466734350e+00
-7.684204095837244841e-01
-1.148788974834208942e-01
5.985586565762868183e-01
1.334183822044157974e+00
2.050750383290139922e+00
2.706775683038499469e+00
3.263130335890367828e+00
3.685031799230082949e+00
3.943518370672521201e+00
4.016702742294601336e+00
3.891384721464605345e+00
3.564981482080257447e+00
3.046941315864077016e+00
2.359021358420221315e+00
1.534530548367424085e+00
6.168844943515982004e-01
-3.424307741842120834e-01
-1.286724995436633989e+00
-2.158406476914556116e+00
-2.905281647289848390e+00
-3.487851601836426507e+00
-3.884648230957937098e+00
-4.093373814281711986e+00
-4.128439202025634636e+00
-4.016745291147968189e+00
-3.792778128149772776e+00
-3.493499430837865738e+00
-3.153565665000013674e+00
-2.801546000479155474e+00
-2.457859165556218528e+00
-2.134583453378762208e+00
-1.836261689324081514e+00
-1.560628974527607848e+00
-1.299162153717728918e+00
-1.038369939425463295e+00
-7.627068349036915107e-01
-4.587201087738553285e-01
-1.187706737901238069e-01
2.571191644908837892e-01
6.613087832131800958e-01
1.079343004066767087e+00
1.490552888780539043e+00
1.868678857439499019e+00
2.183607569450443098e+00
2.405040587258614693e+00
2.507834228300972690e+00
2.477392490826749505e+00
2.312806445184069304e+00
2.026492586128665785e+00
1.641028191542193371e+00
1.184907685808924249e+00
6.888885854600091951e-01
1.839504972434633234e-01
-2.991892654376716587e-01
-7.297880328337652545e-01
-1.076728560520022970e+00
-1.308867925997251991e+00
-1.397206475561112216e+00
-1.319405236281161242e+00
-1.065658172445013152e+00
-6.439282731476629884e-01
-8.253342497788976329e-02
5.712626497469526221e-01
1.256770329667611152e+00
1.908345520765459824e+00
2.464978038973812957e+00
2.878988598092214968e+00
3.121698555759504057e+00
3.184619754976673711e+00
3.076857331921611483e+00
2.820991231962448609e+00
2.448955761766494987e+00
1.997916045757404779e+00
1.505876821913188390e+00
1.007712611809306269e+00
5.329360377329648291e-01
1.056644181358203372e-01
-2.544072539773401531e-01
-5.319503603409675430e-01
-7.177964327225856422e-01
-8.116151280759674735e-01
-8.232998314510612259e-01
-7.714802150442572337e-01
-6.794510697620994577e-01
-5.701711091321366442e-01
-4.620841856832875738e-01
-3.668132821861378456e-01
-2.887788217727434437e-01
-2.262042822239128670e-01
-1.730486115451370932e-01
-1.214634006191571969e-01
-6.399159211059471386e-02
5.522082464197628458e-03
9.245461417030059748e-02
2.021104794239917402e-01
3.394367223528564903e-01
5.077946120622631732e-01
7.072576806165503660e-01
9.327226478825285660e-01
1.172384929594123770e+00
1.407486577680220341e+00
1.614039300296877810e+00
1.766520256957343271e+00
1.842640919456236093e+00
1.827608744332225310e+00
1.716530241973319937e+00
1.514795296139825442e+00
1.237327330736058384e+00
9.075206503433378424e-01
5.556968041685861337e-01
2.161946629285896315e-01
-7.722757005975512679e-02
-2.967112207799534329e-01
-4.245517815093829417e-01
-4.547269345581242406e-01
-3.911178881314683053e-01
-2.434934461955555463e-01
-2.355150515654459709e-02
2.568191336948297265e-01
5.844979351471236706e-01
9.427663689969534300e-01
1.309879957854366506e+00
1.659935322271191671e+00
1.965749606521757453e+00
2.202425078981878226e+00
2.350445839636152279e+00
2.397910573295436443e+00
2.341797835665218486e+00
2.187927791168286173e+00
1.949292399440228918e+00
1.643183731182433549e+00
1.288322930649671072e+00
9.027561053111228251e-01
5.022210002229514636e-01
9.872702380735561001e-02
-2.999938800541471218e-01
-6.894200828649863499e-01
-1.065823326589725450e+00
-1.423670721455590815e+00
-1.753833814245161271e+00
-2.042725704006653764e+00
-2.272391014166911027e+00
-2.422192742259827281e+00
-2.472250240372889873e+00
-2.407365793987823022e+00
-2.220021359388409277e+00
-1.912252285068304580e+00
-1.496917264315741347e+00
-9.983901661127748683e-01
-4.520256350397972023e-01
9.820448461162514797e-02
6.039126804769411327e-01
1.017610990959975981e+00
1.297899291433351809e+00
1.413673829115808189e+00
1.347512199728411408e+00
1.098403597797348752e+00
6.829938400879860261e-01
1.345372266416600404e-01
-5.001711735190087493e-01
-1.165471316049484063e+00
-1.803156691815875012e+00
-2.359699346192360991e+00
-2.792395397211967722e+00
-3.072719301111614953e+00
-3.186911095007586070e+00
-3.135077519443644878e+00
-2.929721535323217996e+00
-2.593626566024782587e+00
-2.156931262226111201e+00
-1.653952850900029414e+00
-1.120531168710029668e+00
-5.920372610085549159e-01
-1.017549880924201872e-01
3.206842368867833803e-01
6.514067198458066699e-01
8.753159911101597856e-01
9.889734998308127301e-01
1.001367062201416802e+00
9.316620190708373439e-01
8.048858750645458970e-01
6.474069738679790742e-01
4.836576632748028626e-01
3.343391361088538516e-01
2.153223010247669877e-01
1.365540361489210319e-01
1.011139533190461570e-01
1.049080801782463351e-01
1.372050784012667224e-01
1.822381419177592221e-01
2.223905407417857971e-01
2.429613669574691992e-01
2.371599489738877853e-01
2.092450896225691581e-01
1.743923405036642005e-01
1.552379607275956863e-01
1.760963399026946041e-01
2.562994152244738588e-01
4.043115658347317676e-01
6.143937006474525786e-01
8.672297774216545241e-01
1.134535583848685913e+00
1.385669253471583096e+00
1.593475565709675745e+00
1.737958618333267591e+00
1.808155476063313172e+00
1.802845008588834341e+00
1.730001607809861008e+00
1.604628750622040023e+00
1.445055226154456030e+00
1.268639684414434532e+00
1.088615381327601384e+00
9.135459568494528337e-01
7.492980246628536678e-01
6.018775390161603678e-01
4.793006320986007984e-01
3.917454038571075436e-01
3.503656783504796035e-01
3.654884753423408572e-01
4.446159968762106729e-01
5.904339677602109537e-01
7.991815846143397462e-01
1.059807395759126303e+00
1.354155819718759757e+00
1.658491412552085098e+00
1.946793966802339293e+00
2.195463795844503796e+00
2.387663733277578526e+00
2.515395901594879913e+00
2.578984645649573970e+00
2.584930297266662791e+00
2.543224816997674331e+00
2.465216488066732214e+00
2.362749916125626903e+00
2.247843320273457124e+00
2.131439262669707180e+00
2.021194552599939076e+00
1.919563262371775103e+00
1.822992218755775884e+00
1.722467981976294249e+00
1.605493574262380374e+00
1.458964524509341443e+00
1.271854456664266664e+00
1.036987043655608121e+00
7.519540519417531321e-01
4.194021125190381394e-01
4.660941137837611159e-02
-3.556108729938978197e-01
-7.742617402960415562e-01
-1.195272904363831934e+00
-1.604071863317886981e+00
-1.985773807154897375e+00
-2.325760777025929649e+00
-2.611461842657431642e+00
-2.835117886839547463e+00
